1 0.931481 0.496438 0.132905 0.990622
1 0.586637 0.653602 0.115160 0.690080
1 0.850385 0.502313 0.279948 0.992414
1 0.088426 0.501092 0.168096 0.993599
1 0.121789 0.496214 0.146892 0.992423
1 0.290695 0.637818 0.109394 0.720617
1 0.316440 0.511574 0.161151 0.970187
1 0.172527 0.564015 0.072804 0.860096
1 0.151002 0.555636 0.104213 0.886293
1 0.714118 0.502733 0.106517 0.991182
1 0.525043 0.653737 0.233647 0.689136
1 0.360113 0.679726 0.170502 0.639589
1 0.609350 0.653122 0.102253 0.691838
1 0.650916 0.641442 0.143444 0.717116
1 0.732728 0.499946 0.082808 0.993107
1 0.126922 0.567481 0.116607 0.864779
1 0.041910 0.501799 0.083323 0.985918
1 0.228080 0.618425 0.081747 0.759529
1 0.211829 0.535725 0.117200 0.914882
1 0.126296 0.341838 0.141500 0.681271
