1 0.823243 0.709202 0.275511 0.554154
1 0.726198 0.182667 0.080956 0.310803
1 0.119877 0.802372 0.159956 0.353708
1 0.107307 0.250505 0.107870 0.435630
1 0.633170 0.185428 0.083638 0.311309
1 0.584644 0.750522 0.165088 0.456192
1 0.420984 0.770341 0.164238 0.410188
1 0.363832 0.264529 0.105469 0.398420
1 0.489579 0.264324 0.106764 0.396584
1 0.813573 0.182221 0.084244 0.311820
1 0.899155 0.184882 0.079652 0.310065
1 0.269080 0.783885 0.110083 0.391288
1 0.238008 0.267035 0.104286 0.397212
1 0.512392 0.515274 0.962896 0.969452
