2 0.257778 0.384444 0.124444 0.306667
2 0.600000 0.424444 0.080000 0.217778
2 0.497778 0.415556 0.088889 0.235556
2 0.386667 0.400000 0.106667 0.266667
2 0.697778 0.431111 0.080000 0.204444
2 0.100000 0.353333 0.173333 0.386667
2 0.784444 0.435556 0.075556 0.186667
2 0.113333 0.811111 0.182222 0.315556
2 0.262222 0.871111 0.151111 0.257778
2 0.380000 0.875556 0.102222 0.204444
2 0.488889 0.886667 0.115556 0.200000
2 0.606667 0.897778 0.093333 0.177778
2 0.697778 0.893333 0.071111 0.160000
2 0.791111 0.902222 0.080000 0.142222
2 0.873333 0.920000 0.075556 0.133333
2 0.946667 0.935556 0.053333 0.084444
2 0.953333 0.486667 0.057778 0.093333
2 0.877778 0.455556 0.066667 0.128889
