2 0.311538 0.224710 0.150549 0.147595
2 0.561538 0.286899 0.265934 0.159204
2 0.534066 0.436982 0.070330 0.061360
2 0.475824 0.565506 0.092308 0.086235
2 0.582967 0.644279 0.084615 0.104478
2 0.660440 0.597015 0.072527 0.106136
2 0.743407 0.578773 0.071429 0.149254
2 0.812637 0.526534 0.075824 0.084577
2 0.818681 0.447761 0.070330 0.076285
2 0.878571 0.477612 0.049451 0.086235
2 0.343407 0.907960 0.126374 0.140962
2 0.501099 0.876451 0.114286 0.064677
2 0.328022 0.661692 0.102198 0.149254
2 0.227473 0.599502 0.063736 0.077944
2 0.301099 0.514925 0.070330 0.084577
2 0.226374 0.457711 0.068132 0.072968
2 0.217033 0.784411 0.095604 0.112769
2 0.141209 0.946103 0.119780 0.107794
