1 0.176615 0.711658 0.276310 0.558173
1 0.512111 0.265054 0.105977 0.394668
1 0.277105 0.182844 0.083961 0.309915
1 0.590615 0.771880 0.172421 0.418383
1 0.879231 0.802021 0.160042 0.354869
1 0.365376 0.182743 0.084544 0.305455
1 0.416667 0.747816 0.168584 0.462709
1 0.101330 0.186527 0.080237 0.315596
1 0.892978 0.252263 0.102981 0.432151
1 0.637900 0.264177 0.102579 0.399535
1 0.731506 0.784111 0.106429 0.393583
1 0.187780 0.184489 0.085485 0.315389
1 0.763924 0.266857 0.099900 0.393627
1 0.503029 0.517268 0.977388 0.964037
