2 0.486779 0.790865 0.266827 0.211538
2 0.368990 0.420673 0.170673 0.139423
2 0.454327 0.504808 0.000000 0.019231
2 0.174279 0.461538 0.223558 0.163462
2 0.117788 0.676683 0.115385 0.151442
2 0.182692 0.864183 0.149038 0.127404
2 0.350962 0.914663 0.149038 0.108173
2 0.655048 0.903846 0.127404 0.105769
2 0.790865 0.784856 0.158654 0.161058
2 0.830529 0.569712 0.156250 0.187500
2 0.771635 0.391827 0.115385 0.158654
2 0.520433 0.294471 0.237981 0.156250
2 0.621394 0.512019 0.165865 0.221154
2 0.322115 0.258413 0.139423 0.088942
