1 0.593491 0.339876 0.198183 0.430770
1 0.298702 0.765651 0.196841 0.144412
1 0.209261 0.280193 0.214980 0.535460
1 0.795031 0.393071 0.204808 0.324667
1 0.483144 0.768189 0.159400 0.143996
1 0.700042 0.839804 0.270502 0.291130
1 0.484036 0.768451 0.157054 0.142580
1 0.422854 0.391945 0.238533 0.563375
1 0.028665 0.792186 0.057330 0.093024
1 0.330069 0.931951 0.125181 0.127764
1 0.163994 0.776789 0.064989 0.117412
1 0.481931 0.936272 0.146844 0.127455
1 0.094840 0.781122 0.055531 0.106645
1 0.182594 0.942163 0.123491 0.106868
