2 0.162222 0.255556 0.173333 0.448889
2 0.460000 0.320000 0.120000 0.320000
2 0.173333 0.748889 0.168889 0.440000
2 0.324444 0.295556 0.133333 0.368889
2 0.695556 0.348889 0.102222 0.271111
2 0.584444 0.337778 0.102222 0.293333
2 0.462222 0.817778 0.115556 0.311111
2 0.591111 0.853333 0.106667 0.204444
2 0.342222 0.828889 0.133333 0.297778
2 0.700000 0.882222 0.102222 0.200000
2 0.813333 0.882222 0.080000 0.173333
2 0.900000 0.902222 0.093333 0.142222
2 0.893333 0.404444 0.080000 0.133333
2 0.802222 0.386667 0.084444 0.160000
