2 0.084135 0.104567 0.105769 0.204327
2 0.298077 0.155048 0.163462 0.204327
2 0.423077 0.158654 0.192308 0.177885
2 0.533654 0.250000 0.139423 0.149038
2 0.495192 0.415865 0.173077 0.173077
2 0.356971 0.415865 0.161058 0.182692
2 0.149038 0.383413 0.144231 0.213942
2 0.133413 0.627404 0.108173 0.125000
2 0.281250 0.715144 0.125000 0.127404
2 0.123798 0.840144 0.209135 0.165865
2 0.281250 0.879808 0.134615 0.125000
2 0.459135 0.887019 0.110577 0.105769
2 0.591346 0.742788 0.100962 0.086538
2 0.817308 0.823317 0.149038 0.122596
2 0.825721 0.599760 0.069712 0.098558
2 0.782452 0.501202 0.084135 0.069712
2 0.701923 0.403846 0.105769 0.067308
2 0.802885 0.320913 0.081731 0.088942
2 0.782452 0.114183 0.098558 0.103365
2 0.611779 0.135817 0.088942 0.088942
