2 0.076923 0.210337 0.100962 0.271635
2 0.171875 0.237981 0.064904 0.283654
2 0.268029 0.169471 0.084135 0.161058
2 0.383413 0.215144 0.103365 0.257212
2 0.509615 0.223558 0.115385 0.288462
2 0.609375 0.161058 0.074519 0.168269
2 0.717548 0.224760 0.103365 0.286058
2 0.826923 0.186298 0.067308 0.204327
2 0.927885 0.246394 0.076923 0.324519
2 0.923077 0.685096 0.086538 0.264423
2 0.822115 0.701923 0.062500 0.288462
2 0.719952 0.663462 0.074519 0.211538
2 0.618990 0.709135 0.098558 0.302885
2 0.515625 0.679087 0.088942 0.252404
2 0.394231 0.733173 0.076923 0.360577
2 0.302885 0.721154 0.072115 0.326923
2 0.194712 0.679087 0.086538 0.257212
2 0.064904 0.715144 0.096154 0.314904
