1 0.283531 0.674160 0.112770 0.154041
1 0.779702 0.694168 0.142367 0.182709
1 0.867809 0.449378 0.132404 0.175434
1 0.154776 0.694060 0.097289 0.123213
1 0.489709 0.771103 0.090133 0.125728
1 0.705898 0.755081 0.088206 0.112996
1 0.636489 0.653074 0.133813 0.202864
1 0.548738 0.684441 0.115988 0.156453
1 0.395725 0.693943 0.134646 0.190013
1 0.734844 0.416496 0.123631 0.136527
1 0.478569 0.629358 0.130678 0.157167
1 0.292856 0.533617 0.108062 0.132522
1 0.264716 0.353772 0.105377 0.125722
1 0.151740 0.442118 0.115059 0.097754
1 0.411277 0.524090 0.120759 0.159074
1 0.140315 0.570541 0.138035 0.187315
1 0.643590 0.499128 0.116708 0.121824
1 0.522073 0.410490 0.122250 0.169663
1 0.755701 0.539244 0.106142 0.135032
1 0.755366 0.539437 0.107376 0.134627
