1 0.859018 0.799089 0.166568 0.271443
1 0.322983 0.199485 0.168405 0.269230
1 0.679622 0.200652 0.166538 0.268684
1 0.143662 0.499077 0.166286 0.270416
1 0.679987 0.799084 0.165376 0.271098
1 0.860289 0.200242 0.170441 0.270621
1 0.680924 0.498947 0.165523 0.269368
1 0.501418 0.798763 0.165799 0.271358
1 0.858907 0.499984 0.168612 0.271637
1 0.322703 0.498976 0.165663 0.267487
1 0.501631 0.200932 0.168793 0.274470
1 0.322569 0.798597 0.167947 0.270959
1 0.143734 0.799516 0.167811 0.279983
1 0.501085 0.499793 0.166577 0.269259
1 0.143807 0.200192 0.170309 0.271664
