0 0.166667 0.371134 0.326460 0.584192
0 0.441581 0.436426 0.319588 0.522337
0 0.142612 0.768041 0.250859 0.353952
0 0.307560 0.762887 0.216495 0.350515
0 0.494845 0.812715 0.226804 0.374570
0 0.664948 0.786942 0.202749 0.426117
0 0.707904 0.640893 0.240550 0.374570
0 0.807560 0.467354 0.219931 0.323024
0 0.850515 0.266323 0.285223 0.518900
1 0.841924 0.060137 0.068729 0.058419
1 0.524055 0.103093 0.065292 0.054983
1 0.144330 0.219931 0.103093 0.116838
1 0.053265 0.694158 0.079038 0.103093
1 0.324742 0.651203 0.058419 0.072165
1 0.534364 0.735395 0.072165 0.082474
1 0.656357 0.680412 0.089347 0.096220
