0 0.191549 0.603750 0.253521 0.792500
0 0.383099 0.617500 0.197183 0.765000
0 0.555634 0.581250 0.204225 0.762500
0 0.709859 0.538750 0.149296 0.667500
0 0.820423 0.516250 0.142254 0.667500
0 0.899296 0.495000 0.156338 0.605000
0 0.045070 0.576250 0.087324 0.762500
1 0.904930 0.166250 0.043662 0.052500
1 0.819718 0.166250 0.050704 0.042500
1 0.717606 0.192500 0.060563 0.050000
1 0.598592 0.183750 0.056338 0.062500
1 0.378169 0.210000 0.080282 0.060000
1 0.253521 0.186250 0.064789 0.057500
1 0.182394 0.175000 0.043662 0.040000
1 0.028169 0.175000 0.053521 0.045000
