0 0.128466 0.574855 0.153420 0.484012
0 0.214880 0.672965 0.137708 0.343023
0 0.294362 0.525436 0.135860 0.606105
0 0.187153 0.344477 0.122921 0.354651
0 0.396950 0.507267 0.109982 0.604651
0 0.484288 0.521076 0.146026 0.643895
0 0.574399 0.667151 0.145102 0.418605
0 0.722274 0.658430 0.141405 0.450581
0 0.618762 0.483285 0.145102 0.617733
0 0.761553 0.429506 0.158965 0.649709
0 0.852126 0.571948 0.151571 0.606105
1 0.850739 0.259448 0.071165 0.079942
1 0.770795 0.090116 0.083179 0.072674
1 0.627542 0.149709 0.077634 0.058140
1 0.728743 0.405523 0.074861 0.066860
1 0.573937 0.500000 0.068392 0.061047
1 0.486599 0.202762 0.074861 0.036337
1 0.403882 0.169331 0.062847 0.074128
1 0.299908 0.182413 0.073013 0.097384
1 0.187616 0.130814 0.055453 0.084302
1 0.126155 0.283430 0.056377 0.095930
1 0.216728 0.455669 0.073013 0.100291
