0 0.515625 0.506944 0.968750 0.986111
1 0.946615 0.136574 0.075521 0.097222
1 0.848958 0.027778 0.072917 0.046296
1 0.720052 0.118056 0.065104 0.087963
1 0.596354 0.152778 0.052083 0.092593
1 0.489583 0.074074 0.062500 0.074074
1 0.514323 0.219907 0.059896 0.097222
1 0.462240 0.368056 0.049479 0.097222
1 0.576823 0.571759 0.085938 0.134259
1 0.674479 0.886574 0.072917 0.106481
1 0.420573 0.851852 0.070312 0.138889
1 0.105469 0.736111 0.054688 0.129630
1 0.089844 0.613426 0.065104 0.106481
1 0.023438 0.706019 0.041667 0.115741
1 0.158854 0.064815 0.052083 0.064815
1 0.234375 0.185185 0.052083 0.074074
1 0.161458 0.236111 0.046875 0.055556
1 0.058594 0.226852 0.059896 0.074074
1 0.076823 0.020833 0.059896 0.032407
