0 0.075000 0.612500 0.145833 0.412500
0 0.192708 0.698438 0.160417 0.440625
0 0.337500 0.792188 0.170833 0.415625
0 0.575000 0.854688 0.187500 0.290625
0 0.892708 0.839063 0.210417 0.321875
0 0.642708 0.771875 0.156250 0.425000
0 0.471875 0.668750 0.135417 0.462500
0 0.330208 0.578125 0.139583 0.418750
0 0.222917 0.496875 0.129167 0.381250
0 0.091667 0.435937 0.116667 0.403125
0 0.796875 0.675000 0.152083 0.487500
0 0.593750 0.503125 0.120833 0.412500
0 0.435417 0.429688 0.116667 0.396875
0 0.330208 0.373437 0.118750 0.365625
0 0.230208 0.306250 0.114583 0.362500
0 0.148958 0.242188 0.102083 0.309375
0 0.053125 0.203125 0.081250 0.306250
0 0.183333 0.150000 0.100000 0.275000
0 0.269792 0.190625 0.093750 0.262500
0 0.360417 0.237500 0.095833 0.293750
0 0.485417 0.306250 0.108333 0.350000
0 0.662500 0.364063 0.091667 0.365625
0 0.790625 0.484375 0.139583 0.418750
0 0.883333 0.384375 0.100000 0.356250
0 0.845833 0.289062 0.120833 0.315625
0 0.689583 0.160938 0.116667 0.215625
1 0.811458 0.490625 0.068750 0.087500
1 0.590625 0.353125 0.060417 0.081250
1 0.413542 0.273438 0.047917 0.065625
1 0.301042 0.218750 0.047917 0.043750
1 0.211458 0.165625 0.047917 0.056250
1 0.120833 0.114062 0.045833 0.053125
1 0.039583 0.082812 0.054167 0.053125
1 0.171875 0.045312 0.047917 0.053125
1 0.255208 0.087500 0.039583 0.056250
1 0.347917 0.126562 0.050000 0.065625
1 0.476042 0.171875 0.043750 0.056250
1 0.675000 0.231250 0.054167 0.062500
1 0.690625 0.145313 0.039583 0.053125
1 0.672917 0.070312 0.041667 0.059375
1 0.839583 0.165625 0.045833 0.056250
1 0.891667 0.253125 0.054167 0.062500
1 0.535417 0.095312 0.037500 0.046875
1 0.540625 0.040625 0.035417 0.043750
1 0.422917 0.075000 0.054167 0.043750
1 0.320833 0.025000 0.037500 0.043750
