1 0.082822 0.557735 0.153374 0.747758
1 0.920245 0.587444 0.113156 0.746637
1 0.370484 0.588565 0.127471 0.735426
1 0.231425 0.570067 0.141104 0.725336
1 0.505794 0.432175 0.091343 0.552691
1 0.634969 0.433857 0.096115 0.565022
1 0.167348 0.148543 0.077028 0.108744
1 0.373211 0.203475 0.082481 0.097534
1 0.766871 0.583520 0.087253 0.738789
1 0.470348 0.922085 0.080436 0.097534
1 0.583163 0.892377 0.071575 0.114350
1 0.526926 0.764574 0.087253 0.076233
1 0.664963 0.848655 0.074301 0.139013
