1 0.166008 0.306533 0.173913 0.381910
1 0.310277 0.228643 0.130435 0.386935
1 0.136364 0.698492 0.154150 0.361809
1 0.292490 0.748744 0.181818 0.381910
1 0.446640 0.685930 0.142292 0.447236
1 0.707510 0.713568 0.126482 0.482412
1 0.583004 0.655779 0.106719 0.477387
1 0.861660 0.633166 0.166008 0.572864
1 0.824111 0.203518 0.201581 0.286432
1 0.685771 0.301508 0.106719 0.341709
1 0.573123 0.261307 0.086957 0.241206
1 0.494071 0.359296 0.086957 0.185930
1 0.436759 0.208543 0.075099 0.135678
