1 0.400804 0.629630 0.201072 0.740741
1 0.628686 0.640741 0.201072 0.718519
1 0.865952 0.644444 0.193029 0.711111
1 0.160858 0.644444 0.219839 0.711111
1 0.282842 0.177778 0.115282 0.266667
1 0.065684 0.181481 0.120643 0.274074
1 0.517426 0.203704 0.117962 0.348148
1 0.738606 0.192593 0.120643 0.325926
1 0.865952 0.407407 0.107239 0.311111
1 0.957105 0.185185 0.085791 0.266667
1 0.167560 0.411111 0.131367 0.288889
1 0.390080 0.396296 0.131367 0.303704
1 0.630027 0.414815 0.112601 0.311111
