1 0.374545 0.647541 0.160000 0.540984
1 0.572727 0.778689 0.192727 0.442623
1 0.743636 0.612022 0.156364 0.513661
1 0.161818 0.765027 0.243636 0.469945
1 0.187273 0.387978 0.200000 0.360656
1 0.349091 0.243169 0.130909 0.278689
1 0.530909 0.393443 0.145455 0.327869
1 0.649091 0.243169 0.120000 0.289617
1 0.740000 0.125683 0.098182 0.240437
1 0.847273 0.314208 0.116364 0.202186
1 0.943636 0.204918 0.098182 0.224044
1 0.938182 0.762295 0.123636 0.475410
1 0.052727 0.218579 0.098182 0.196721
1 0.045455 0.587432 0.083636 0.431694
1 0.187273 0.101093 0.120000 0.191257
1 0.467273 0.106557 0.120000 0.202186
