1 0.125000 0.670000 0.170000 0.660000
1 0.415000 0.660000 0.250000 0.680000
1 0.680000 0.655000 0.240000 0.690000
1 0.915000 0.665000 0.170000 0.670000
1 0.410000 0.250000 0.120000 0.100000
1 0.650000 0.245000 0.100000 0.110000
1 0.770000 0.190000 0.100000 0.100000
1 0.890000 0.245000 0.080000 0.110000
1 0.190000 0.255000 0.120000 0.090000
1 0.325000 0.200000 0.070000 0.080000
1 0.450000 0.160000 0.080000 0.060000
1 0.565000 0.130000 0.110000 0.060000
1 0.655000 0.085000 0.090000 0.070000
1 0.170000 0.125000 0.080000 0.070000
1 0.250000 0.155000 0.100000 0.070000
1 0.950000 0.110000 0.100000 0.080000
1 0.035000 0.160000 0.050000 0.080000
1 0.060000 0.315000 0.100000 0.090000
1 0.835000 0.080000 0.090000 0.060000
1 0.310000 0.040000 0.080000 0.060000
