1 0.107000 0.639133 0.186000 0.700068
1 0.326667 0.546716 0.157333 0.597833
1 0.577333 0.582938 0.170667 0.609343
1 0.835667 0.594110 0.154000 0.647935
1 0.117667 0.144550 0.116667 0.286391
1 0.327333 0.119160 0.118667 0.234259
1 0.596667 0.143873 0.102667 0.272850
1 0.463333 0.324983 0.117333 0.365606
1 0.772000 0.081246 0.156000 0.155721
1 0.723667 0.382871 0.130000 0.438050
1 0.926333 0.238998 0.128667 0.207177
1 0.264333 0.957007 0.074000 0.075152
1 0.509000 0.942112 0.082000 0.087339
1 0.340667 0.955992 0.077333 0.070413
1 0.416333 0.957346 0.067333 0.082600
1 0.367000 0.878470 0.083333 0.050779
1 0.271000 0.886256 0.079333 0.073121
1 0.250667 0.920447 0.109333 0.159106
1 0.425667 0.922817 0.219333 0.154367
1 0.366333 0.919431 0.344667 0.161137
