1 0.140000 0.346000 0.136000 0.172000
1 0.510000 0.360000 0.172000 0.304000
1 0.812000 0.590000 0.240000 0.236000
1 0.930000 0.520000 0.140000 0.384000
1 0.376000 0.624000 0.168000 0.216000
1 0.574000 0.874000 0.364000 0.244000
1 0.830000 0.902000 0.340000 0.164000
1 0.076000 0.782000 0.144000 0.228000
1 0.084000 0.504000 0.160000 0.176000
1 0.176000 0.130000 0.208000 0.252000
1 0.668000 0.208000 0.176000 0.256000
1 0.840000 0.150000 0.168000 0.276000
1 0.332000 0.374000 0.176000 0.212000
