1 0.218045 0.291005 0.127820 0.190476
1 0.475564 0.486772 0.124060 0.169312
1 0.562030 0.362434 0.124060 0.164021
1 0.682331 0.291005 0.109023 0.179894
1 0.812030 0.362434 0.142857 0.206349
1 0.843985 0.185185 0.116541 0.158730
1 0.364662 0.185185 0.112782 0.116402
1 0.458647 0.304233 0.120301 0.164021
1 0.310150 0.423280 0.109023 0.158730
1 0.565789 0.682540 0.124060 0.201058
1 0.751880 0.738095 0.150376 0.216931
1 0.389098 0.875661 0.139098 0.164021
1 0.201128 0.642857 0.124060 0.185185
1 0.815789 0.566138 0.135338 0.179894
1 0.674812 0.489418 0.131579 0.185185
1 0.099624 0.555556 0.124060 0.169312
1 0.097744 0.380952 0.127820 0.148148
1 0.439850 0.722222 0.127820 0.185185
1 0.310150 0.740741 0.139098 0.169312
1 0.306391 0.587302 0.071429 0.158730
1 0.221805 0.470899 0.105263 0.137566
1 0.721805 0.132275 0.142857 0.169312
1 0.578947 0.113757 0.150376 0.153439
1 0.522556 0.526455 0.616541 0.597884
