1 0.105660 0.578947 0.113208 0.357895
1 0.177358 0.431579 0.075472 0.357895
1 0.290566 0.342105 0.128302 0.252632
1 0.288679 0.631579 0.109434 0.263158
1 0.394340 0.421053 0.071698 0.336842
1 0.477358 0.578947 0.094340 0.378947
1 0.632075 0.586842 0.094340 0.363158
1 0.771698 0.547368 0.101887 0.421053
1 0.894340 0.600000 0.075472 0.336842
1 0.445283 0.197368 0.075472 0.110526
1 0.603774 0.252632 0.075472 0.168421
1 0.694340 0.268421 0.105660 0.147368
1 0.826415 0.326316 0.098113 0.157895
