1 0.320000 0.788889 0.471111 0.253333
1 0.751111 0.780000 0.373333 0.244444
1 0.111111 0.131111 0.186667 0.093333
1 0.111111 0.511111 0.168889 0.106667
1 0.302222 0.511111 0.186667 0.088889
1 0.508889 0.502222 0.200000 0.088889
1 0.504444 0.422222 0.191111 0.062222
1 0.891111 0.508889 0.217778 0.093333
1 0.895556 0.131111 0.208889 0.093333
1 0.306667 0.131111 0.204444 0.084444
1 0.508889 0.128889 0.191111 0.097778
1 0.702222 0.126667 0.186667 0.102222
1 0.306667 0.351111 0.204444 0.080000
1 0.697778 0.351111 0.204444 0.088889
1 0.897778 0.277778 0.204444 0.084444
1 0.117778 0.273333 0.226667 0.084444
